-9.181994907887239266e-02
1.989430468142858288e+00
2.812948356820262230e+00
1.675343463116567011e-01
2.812868151381990423e+00
-2.084819090706463984e-01
1.772576086490986302e+00
-9.764722453703154059e-01
2.036300652005126999e+00
6.668422973336969317e-01
-1.718818942991811927e+00
-1.962312740060543348e+00
-2.194540688457678357e+00
-5.406212256911941960e-01
8.368005037954941994e-01
-4.361478931843071338e-01
2.130089699643971934e-01
6.266299432331114971e-01
-1.205061081712920590e+00
-6.546403558747312390e-01
9.042001641289981739e-02
-8.532475982582844454e-01
2.129125128082407059e+00
-8.747959678387011717e-01
2.820616080541789583e-01
3.907057212002421620e-01
1.042571726597576909e+00
-9.559047764924261115e-02
-2.089955068983109676e+00
-2.084285141202458558e+00
6.507179502300793672e+00
5.328131538237353304e+00
5.444213812017004273e+00
4.439358404559476057e+00
3.955728801521049220e+00
3.944525466665254498e+00
6.101864396275350266e+00
3.950189081367188493e+00
3.923964423659271450e+00
7.623792182972970011e+00
4.844282465260755899e+00
5.451189920466442018e+00
7.383842673223829145e+00
7.039782408652805579e+00
5.188965731906336920e+00
6.175719549156981181e+00
4.064328475368157001e+00
4.325226229733596384e+00
7.839759763058692599e+00
7.146272354218366374e+00
2.765906140635793431e+00
5.068639542384417496e+00
5.198237382172598231e+00
5.595471205349101140e+00
3.828631828532400583e+00
6.581055271783785798e+00
3.702431118071198846e+00
4.923205989485157197e+00
4.202414353196870067e+00
5.421388608572268453e+00
2.022053779906892501e+00
4.203265955908633167e+00
3.121866726163123218e+00
5.373734892534792529e+00
5.990530245883457283e+00
4.273765752903129211e+00
5.372927607033201269e+00
5.766289325311928948e+00
4.466644700324467365e+00
9.875468785093861612e-01
5.152696612799755549e+00
2.632107575204576388e+00
7.632884340599813910e+00
5.664052011441776280e+00
3.258476818117033602e+00
5.191526597687427191e+00
5.706919949723495478e+00
5.286314345723398311e+00
4.595618074452008095e+00
2.445225818970054643e+00
3.420678115145258769e+00
6.173042600747097097e+00
5.856127781955260403e+00
3.566809619037551116e+00
7.010210499341657631e+00
5.410545819510652166e+00
6.495261480991251446e+00
3.829000166823450346e+00
4.144175352295444981e+00
5.388721178386587596e+00
5.660692066413099965e+00
4.160552837993365394e+00
4.034090575425887337e+00
2.443300235792256636e+00
6.943756948054551792e+00
3.698868205200879444e+00
3.972167853775814272e+00
4.217702735851389662e+00
4.341217550632079814e+00
5.465730934295290666e+00
6.544430893151705897e-01
2.139400637582857811e+00
3.399922263110907172e-01
4.538653482291935548e-01
4.893268624647225118e-01
-2.379253184167133550e-01
-2.801775313753283481e+00
1.845069231395313869e+00
1.320821242773176030e+00
1.276444678713173575e+00
-1.824969678109206850e+00
1.358316086396145206e+00
-2.132268503772966284e+00
1.437343146273538652e+00
-2.268185394683410294e+00
1.996538416359509238e+00
9.974159871676797628e-01
-1.043382027119492017e+00
-2.922783902921947119e-01
9.876648715922135002e-01
3.667096891468911712e-01
3.689435653077891564e-01
5.579531883269087666e-01
2.398908121987113340e+00
-9.665040923290254549e-01
9.097274489477548132e-01
4.564231296107615909e-01
1.174265906774239143e+00
1.107195631822985415e+00
-1.254855674673389210e+00
-1.354853497972971166e+00
-1.523486913345900862e-01
2.389382910563438767e+00
4.315922026694261504e+00
5.401454785391780256e+00
2.200862938866464891e+00
4.027250039286756511e+00
5.528226497510416948e+00
3.065541919162805495e+00
3.835865855034604088e+00
4.500575166011359762e+00
6.319181585232816367e+00
5.084459366756128418e+00
4.668508790612510673e+00
6.177909559911843651e+00
5.991875785483964378e+00
7.829801337771656655e+00
7.441968600682908885e+00
5.569687828946421781e+00
6.371830371310029939e+00
3.764704622543396439e+00
3.882170720286830967e+00
4.732762513965682594e+00
4.665939398875145194e+00
5.250884296210208468e+00
6.929338973357548781e+00
4.777709620847959471e+00
3.177574862681604273e+00
3.265580174095322086e+00
4.577787333139761827e+00
5.189730565361342585e+00
7.245442284111337727e+00
1.844393845803375509e+00
1.370095082931417796e+00
3.804026046371574932e+00
4.784627501023172691e+00
6.958991742779031320e+00
4.289066506256875577e+00
4.464718861934011684e+00
6.457031591642754087e+00
6.410302382384934106e+00
3.240733542188581673e+00
2.327840495102234453e+00
2.426123217852226510e+00
4.698338670463257927e+00
4.437455274198647714e+00
7.078278361742357028e+00
7.677178699884226631e+00
4.736049515919664721e+00
7.778438676973283172e+00
4.722814440461815977e+00
4.001947206825645864e+00
2.178979645885557481e+00
6.054080784558147244e+00
7.028559244886825930e+00
1.841113036335014552e+00
-2.401068589416971655e+00
4.480071458786203387e-01
2.232680418392434252e+00
1.163400085095172898e+00
-1.821908225479847709e-01
-2.562312416363766721e-01
2.794894631932105522e-01
-3.509073430577717700e-01
-1.917261402736881504e+00
4.094237694061249044e-01
-1.195358928894788120e+00
2.008521672558216231e+00
-1.119521611147342277e+00
3.054253722222430301e-01
-7.305165616790624261e-01
-9.841907084463000777e-01
-2.791807925948173175e-01
2.513909808782396116e+00
-2.196938853963985860e-01
1.463993085958334550e+00
-1.109567731404446922e-01
-1.554529637440947409e+00
-8.863180685786099522e-01
1.099463242249909545e+00
-7.238326989670144929e-02
-4.188453110699035253e-01
1.015203215724692409e+00
-3.810548604349440538e+00
-3.496909030909517990e-01
1.642795300540779824e+00
-1.874705336058370531e+00
-1.277420494993240174e+00
8.395678548892351323e-01
-1.028409007166214861e+00
-3.475498573291424087e+00
-1.448312587652084371e+00
-2.511146738775604237e-01
-2.862814700221827824e+00
7.316450046983740130e-01
2.235709827595078192e+00
-2.570976897833730845e+00
1.143843981900450668e+00
-1.089480998011619794e+00
6.588520874763543755e-01
2.246011678007578394e-01
-3.937733455181707254e-01
-6.727551027060792999e-01
-5.464181859189938262e-01
-1.656689477325665516e+00
1.172468614964466971e+00
6.998255223102649580e-01
2.065256230061368603e-01
1.239975814223286843e+00
-1.143791858312215970e+00
-1.606336533134504307e+00
1.674819757214086380e+00
1.135665953895693914e+00
-1.436383201166096524e-01
-2.531430140538888374e+00
1.564706113769634088e+00
2.193712386349248589e-01
-2.057269497857030949e+00
-1.609431559544756973e-01
-1.307525441055001070e-01
-8.593796882470397525e-02
-4.264968138741446757e-01
5.688171100507691813e-01
-7.799564897401596308e-01
1.850841473312955232e+00
-1.259358667540218413e+00
6.022710504840085299e-01
-2.525632035256704988e+00
1.462879043035839821e+00
6.109931777376854667e-01
-3.344584544821000982e+00
-1.028532455751904218e+00
1.758657095024827921e+00
1.459210358405526708e+00
2.345511622852201938e+00
-1.022475444130715339e+00
4.264967470582208264e-01
-1.429391133972469197e+00
-4.705279444577233683e+00
7.384157639392194827e-01
2.563500329411353640e+00
-3.011129703556407300e+00
-2.572754287214911617e+00
-6.267791993122837635e-01
1.487935948596706692e-01
-1.868326686120785896e-01
-1.249506893680738528e+00
-1.523530888854024656e+00
-3.920234184871422833e+00
2.116512512483493258e-01
5.375019047032111308e-01
-5.779515889494623027e-01
-1.089948418332257196e-01
2.670293907573307202e+00
-3.284271246390764176e-01
3.891099528771012839e+00
3.885559491011157718e+00
4.302309457027073236e+00
2.970883932140230499e+00
7.095305416069798810e+00
6.454279170499390261e+00
4.219524583685064556e+00
8.012942237828177383e+00
4.824503270738869531e+00
6.422788373603757428e+00
5.136415716761507433e+00
5.508409293725399891e+00
6.163607667031600457e+00
5.378242309353042039e+00
4.630468784564647500e+00
4.694023017591019808e+00
5.982719061824591122e+00
7.197949380979423495e+00
9.941506150069354675e+00
4.274542398606051563e+00
2.279026110463484578e+00
4.239761297337122592e+00
4.767717409553037022e+00
5.391563829306863731e+00
2.672014957770721733e+00
2.998982051217155664e+00
3.747246978577696286e+00
4.265656481105037479e+00
1.335769025525913367e+00
2.813772865961929881e+00
-7.428720263252595046e-01
3.604670165417638850e-01
-1.245447749765427936e+00
6.557617705275813336e-01
1.084734052043994534e+00
-2.289863289137104907e+00
2.286544894387442461e+00
3.164841942698708999e-01
-1.029668084620111168e-02
-1.851563093459558385e+00
2.120316424880036799e+00
-1.985928536760764196e+00
3.315258161389471159e+00
-2.846523929161565380e+00
5.470030033751706711e+00
7.700981270702257575e+00
2.924512250759311982e+00
5.022315196810764881e+00
4.247474617383733886e+00
4.943991921359616626e+00
5.138338249065082408e+00
2.458985695299320984e+00
9.065893526237740474e+00
4.932139032335704165e+00
8.976407926578982455e+00
2.122690208761841113e+00
3.934433438204867794e+00
5.628848977943027521e+00
5.748797764376959663e+00
2.850637291101790538e+00
2.577878745911678759e+00
4.536186691748313571e+00
4.603850397862943034e+00
4.773137728601406948e+00
5.591230365106446776e+00
4.724237120567841508e+00
7.211602324089037452e+00
5.641543299531093680e+00
2.651786187076869084e+00
2.850191965580054720e+00
3.127473209482022565e+00
4.454843569947444237e+00
5.213698347560910662e+00
3.827598032011388263e+00
3.789473289111875864e+00
6.795565500047905161e+00
2.193492689047623401e+00
4.737446812249803685e-01
6.156926896005512795e+00
5.774954114035747210e+00
6.372924613420760664e+00
4.107591211082546323e+00
3.906347534483595396e+00
4.185980858073721222e+00
4.953679200280189043e+00
6.319942365781773930e+00
5.137536697260970620e+00
4.907900770796524981e+00
4.701731537735337696e+00
3.539529245050320405e+00
7.229576107458218992e+00
5.429495886459767995e+00
2.413934556272828935e+00
8.297594130967787862e+00
3.987699542440238609e+00
5.221638034779247484e+00
5.219856747463833990e+00
3.287107059962457445e+00
1.983078255697007020e+00
5.665498558719690436e+00
3.588697070808213319e+00
5.419573756918303786e+00
4.862892331498519738e+00
4.900843406847885220e+00
6.022902873748876118e+00
4.819172262663125927e+00
6.082972229133608799e+00
6.231561313900024324e+00
6.606622492250632916e+00
1.996124927811296246e+00
4.941901777475179003e+00
4.636886950517090433e+00
1.231158392401750845e+00
5.921913058178733813e+00
4.041664288700257401e+00
5.217220671948347821e+00
5.513407797808485000e+00
2.782038012380926517e+00
5.478370345469190106e+00
6.909098479153608530e+00
4.988074172008392537e+00
5.616019263176852405e+00
5.677502407404491080e+00
4.140476868030479096e+00
4.617515873177250540e+00
3.583490323903851582e+00
5.910227002666134766e+00
6.259658638706479650e+00
8.037621282258143651e+00
5.339718645562235189e+00
4.868551768136156532e+00
3.718211419626866299e+00
4.860386217597296721e+00
3.602381178510604798e+00
5.565900431716909402e+00
4.678828923313398391e+00
6.081330590678860837e+00
3.955098100906695890e+00
2.970061126332390611e+00
7.195385976254708993e+00
4.517163338226111158e+00
4.983893021834090220e+00
5.581664858834884058e+00
4.685470650377761004e+00
1.914147864535916899e+00
7.154562858671704717e+00
4.998845922939191944e+00
8.118517767657813522e+00
5.889552543889908343e+00
6.736787024050999051e+00
3.597274597656137551e+00
2.384715708041545312e+00
4.336498349351456838e+00
3.402930714394089229e+00
4.091315899024416503e+00
4.753391910881667570e+00
4.786142173628234353e+00
8.952245241869466241e+00
4.513518646483628771e+00
2.352411094851599938e+00
5.941584885215937639e+00
6.710991207376071799e+00
5.793969039432453449e+00
1.995745085678650166e-01
1.544374284565276811e+00
9.167932587669235245e-01
-2.189245497662390516e+00
4.420950756801121928e-01
3.734069483880702478e+00
3.402139033072270280e+00
5.361666236935477059e+00
5.589653949194111071e+00
4.259407912551625763e+00
4.563762354257178799e+00
6.100379056131440159e+00
5.376663479157734571e+00
3.304399167429641793e+00
2.954880928173176713e+00
2.353974200297106023e+00
6.090947443669175065e+00
6.875000926717794059e+00
2.347945954641124988e+00
2.599435730680845769e+00
5.985915791153040288e+00
5.011555284096037788e+00
4.714876126506229781e+00
2.787421096758639028e+00
5.912082372563793875e-01
2.667140300048484125e+00
6.304619680979131058e-01
3.037759406348965907e+00
-4.336353653484749382e-02
1.575706238768975198e-01
-7.612068827804086002e-01
-5.697735007805286855e-01
-1.206156181649755244e+00
1.700882437253327384e-01
1.296543221186658768e+00
3.108433743885754996e+00
2.240204873784466255e-01
1.244399098504865853e+00
-2.232871897782190196e+00
-4.078407001848792235e-01
-8.545566343857231573e-01
3.101349597809269221e-01
1.894421405439479233e+00
-1.257869498560494792e+00
2.054521889125665579e-01
-1.979981234637400611e+00
-5.507422285365808773e-02
1.217401131459443286e+00
-1.880976014554207820e+00
6.777091679731550578e-01
5.888582160481523609e-01
8.802852390753312939e-01
